canvas->scale(0.5, 0.5);

canvas->save();
canvas->concat(GMatrix(9.15385,0,0,0,8.40206,0));
paint.setColor({1,0.486275,0.305882,0.196078});
path.reset().moveTo(14,85).lineTo(17,94).lineTo(89,94).cubicTo(89,94,94,85,93,84).cubicTo(91,82,14,84,14,85);
canvas->drawPath(path, paint);
paint.setColor({1,0.890196,0,0});
path.reset().moveTo(19,47).cubicTo(19,47,10,54,6,61).cubicTo(1,67,9,68,9,68).lineTo(10,82).cubicTo(10,82,20,90,33,90).cubicTo(47,90,59,91,61,90).cubicTo(63,89,70,88,70,86).cubicTo(71,85,97,87,97,77).cubicTo(97,67,104,57,86,48).cubicTo(69,39,19,47,19,47);
canvas->drawPath(path, paint);
paint.setColor({1,1,0.882353,0.768627});
path.reset().moveTo(17,32).cubicTo(14,80,97,75,88,29).lineTo(53,14);
canvas->drawPath(path, paint);
paint.setColor({1,0.556863,0.847059,0.972549});
path.reset().moveTo(17,32).cubicTo(26,-4,78,0,88,29).cubicTo(68,20,48,20,17,32);
canvas->drawPath(path, paint);
paint.setColor({1,1,1,1});
path.reset().moveTo(54,35).quadTo(54.0262,29.6109,58.2982,27.8423).quadTo(62.5701,26.0737,66.829,29.6889).quadTo(71.0878,33.304,71.0879,38.6988).quadTo(71.0879,44.0936,66.8291,45.8899).quadTo(62.5703,47.6862,58.2983,44.0933).quadTo(54.0263,40.5003,54,35.1).lineTo(54,35).moveTo(37,38).quadTo(37.0262,32.5997,41.2981,29.0066).quadTo(45.57,25.4135,49.8289,27.2097).quadTo(54.0878,29.0058,54.0879,34.4006).quadTo(54.088,39.7953,49.8292,43.4106).quadTo(45.5705,47.0258,41.2984,45.2575).quadTo(37.0264,43.4891,37,38.1).lineTo(37,38);
canvas->drawPath(path, paint);
paint.setColor({1,1,0.94902,0});
path.reset().moveTo(41,6).cubicTo(42,5,45,3,49,3).cubicTo(52,3,58,2,63,6).lineTo(62,8).lineTo(60,8).lineTo(58,8).cubicTo(58,8,55,9,53,8).cubicTo(51,7,52,7,52,7).lineTo(49,8).lineTo(47,7).lineTo(46,7).cubicTo(46,7,45,9,43,9).cubicTo(43,9,41,8,41,6).moveTo(17,34).lineTo(17,32).cubicTo(17,32,52,12,88,29).lineTo(88,31).cubicTo(88,31,53,14,17,34).moveTo(5,62).cubicTo(8,60,10,60,13,62).cubicTo(16,64,26,68,21,73).cubicTo(19,75,15,73,13,73).cubicTo(12,74,9,75,7,74).cubicTo(3,71,1,66,5,62).moveTo(99,59).cubicTo(99,59,90,57,88,63).lineTo(85,68).cubicTo(85,69,83,71,88,71).cubicTo(93,71,93,73,95,73).cubicTo(98,73,102,72,102,69).cubicTo(102,65,101,58,99,59);
canvas->drawPath(path, paint);
paint.setColor({1,0,0,0});
path.reset().moveTo(56,78).lineTo(56,79).moveTo(55,69).lineTo(55,70).moveTo(55,87).lineTo(55,88);
canvas->drawPath(path, paint);
paint.setColor({1,0,0,0});
path.reset().moveTo(56.5,78).lineTo(56.5,79).quadTo(56.5,79.2071,56.3536,79.3536).quadTo(56.2071,79.5,56,79.5).quadTo(55.7929,79.5,55.6464,79.3536).quadTo(55.5,79.2071,55.5,79).lineTo(55.5,78).quadTo(55.5,77.7929,55.6464,77.6464).quadTo(55.7929,77.5,56,77.5).quadTo(56.2071,77.5,56.3536,77.6464).quadTo(56.5,77.7929,56.5,78).moveTo(55.5,69).lineTo(55.5,70).quadTo(55.5,70.2071,55.3536,70.3535).quadTo(55.2071,70.5,55,70.5).quadTo(54.7929,70.5,54.6464,70.3535).quadTo(54.5,70.2071,54.5,70).lineTo(54.5,69).quadTo(54.5,68.7929,54.6464,68.6464).quadTo(54.7929,68.5,55,68.5).quadTo(55.2071,68.5,55.3536,68.6464).quadTo(55.5,68.7929,55.5,69).moveTo(55.5,87).lineTo(55.5,88).quadTo(55.5,88.2071,55.3536,88.3535).quadTo(55.2071,88.5,55,88.5).quadTo(54.7929,88.5,54.6464,88.3535).quadTo(54.5,88.2071,54.5,88).lineTo(54.5,87).quadTo(54.5,86.7929,54.6464,86.6464).quadTo(54.7929,86.5,55,86.5).quadTo(55.2071,86.5,55.3536,86.6464).quadTo(55.5,86.7929,55.5,87);
canvas->drawPath(path, paint);
paint.setColor({1,0,0,0});
path.reset().moveTo(60,36).quadTo(59.9717,36.5656,59.4721,36.8322).quadTo(58.9725,37.0989,58.4869,36.8076).quadTo(58.0012,36.5163,58.0012,35.95).quadTo(58.0012,35.3837,58.4869,35.0924).quadTo(58.9725,34.8012,59.4721,35.0678).quadTo(59.9717,35.3344,60,35.9).moveTo(49,36).quadTo(48.9717,36.5656,48.4721,36.8322).quadTo(47.9725,37.0989,47.4869,36.8076).quadTo(47.0012,36.5163,47.0012,35.95).quadTo(47.0012,35.3837,47.4869,35.0924).quadTo(47.9725,34.8012,48.4721,35.0678).quadTo(48.9717,35.3344,49,35.9).moveTo(57,55).quadTo(56.9809,56.7207,55.981,57.5646).quadTo(54.9811,58.4084,53.9907,57.5397).quadTo(53.0003,56.671,53.0003,54.95).quadTo(53.0003,53.229,53.9907,52.3603).quadTo(54.9811,51.4916,55.981,52.3354).quadTo(56.9809,53.1793,57,54.9).moveTo(12,94).cubicTo(12,94,32,90,54,94).cubicTo(54,94,81,90,93,94).lineTo(12,94);
canvas->drawPath(path, paint);
paint.setColor({1,0,0,0});
path.reset().moveTo(50.15,58.8).quadTo(51.106,59.517,52.8024,59.8806).quadTo(56.2166,60.6122,59.8882,58.7764).lineTo(60.1118,59.2236).quadTo(56.2834,61.1378,52.6976,60.3694).quadTo(50.8939,59.9829,49.85,59.2).lineTo(50.15,58.8).moveTo(56.2466,65.9589).lineTo(58.2534,78).lineTo(56.2466,90.0411).lineTo(55.7534,89.9589).lineTo(57.7534,77.9589).lineTo(58,78).lineTo(57.7534,78.0411).lineTo(55.7534,66.0411).lineTo(56.2466,65.9589).moveTo(25.1921,49.84).quadTo(27.6723,52.8162,31.772,55.7978).quadTo(39.9564,61.75,48,61.75).quadTo(60.4602,61.75,66.1725,59.8873).quadTo(75.4604,56.8586,82.7984,46.8522).lineTo(83.2016,47.1478).quadTo(75.7683,57.2842,66.3275,60.3627).quadTo(60.5396,62.25,48,62.25).quadTo(39.7938,62.25,31.478,56.2022).quadTo(27.3279,53.184,24.8079,50.16).lineTo(25.1921,49.84);
canvas->drawPath(path, paint);
canvas->restore();
